00001100DR_STEP_ADDRESS	1
00000000			2
00000000			3
00001100			4
11001000			5
11111111			6
11111111			7
11111111			8	
11111111			9
00001101DR_RATE_ADDRESS	10
00000000			11
00000001			12
00000000			13
00000001			14
00001011DR_LIMIT_ADDRESS	15
01010101			16
01010101			17
01010101			18
01010101			19
00100100			20	
10010010			21
01001001			22
00100101			23


0:	23BACKWARDS[1010 0100]  2-3 [0000 0000 0000 0000] 1BACKWARDS [0011 0000]
0-1: 	1010 0100 1001 0010 0000 0000 0011 0000

CHANGING TEMP DIVISION LITTLE ENDIAN

16-19 	1111 1111 1111 1111 0001 0011 0011 0000
5-8 	1010 1010 1010 1010 1010 1010 1101 0000

0: 1010 0100 1010 1010 1010 0110 0100 0000


3-0: 00001100 00000000 00000000 00001100

