command list:
00000001
00001000
11110101
11000010
10001111
00000011
11010111
00001010
00111101
00000000
00000000
00000000
00001010
00000000
10010010












output:
00001100DR_STEP_ADDRESS	0
00000000			8
00000000			16
00000000			24
00001010			32
11111111			40	
11111111			48
11111111			56
11111111			64	112
00001101DR_RATE_ADDRESS	72	104
00000000			80	96
10010010			88	88
00000000			96	80
00000001			104	72
00001011DR_LIMIT_ADDRESS	112	64
00001000			120	56
11110101			128	48
11000010			136	40
10001111			144	32
00000011			152	24
11010111			160	16
00001010			168	8
00111101			176	0



0000110000000000000000000000000000001010111111111111111111111111111111110000110100000000100100100000000000000001000010110000100011110101110000101000111100000011110101110000101000111101


8 f5 c2 8f
00001000111101011100001010001111


backwards:
11110001010000111010111100010000
4047744784*125 = 505968098000

/2^29 = 942.4390234053134918212890625 = 1110101110

2^29 = 536870912
trial one:
from 

150323855
4294967296

35

4047744784

536870912

304942678